#################################
########  Folder 0  ############
Namespace(batchsize=32, beta1=0.5, dataroot='../../../dataset', dataset='ecg', device='gpu', folder=0, gpu_ids='0', isize=320, istest=True, lr=0.0001, model='beatgan', n_aug=0, name='beatgan/ecg', nc=1, ndf=32, ngf=32, ngpu=1, niter=100, nz=50, outf='./output', print_freq=100, threshold=0.169, w_adv=1, workers=1)
train data size:(62436, 1, 320)
val data size:(8025, 1, 320)
test N data size:(17343, 1, 320)
test S data size:(2723, 1, 320)
test V data size:(6307, 1, 320)
test F data size:(721, 1, 320)
test Q data size:(13, 1, 320)
load data success!!!
/data/haenim/lab/signal_cls/experiments/ecg/network.py:26: UserWarning: nn.init.xavier_uniform is now deprecated in favor of nn.init.xavier_uniform_.
  torch.nn.init.xavier_uniform(mod.weight)
################  Eval  ##################
############   Analysis   #############
############   Threshold:0.169   #############
*********  Type:S  *************
TP:147
FP:26
TN:17317
FN:2576
Accuracy:0.8703279178710256
Precision/ppv:0.8497109826589595
sensitivity/Recall:0.05398457583547558
specificity:0.9985008360721905
F1:0.10151933701657459
*********  Type:V  *************
TP:2490
FP:26
TN:17317
FN:3817
Accuracy:0.8375052854122621
Precision/ppv:0.9896661367249603
sensitivity/Recall:0.39479942920564454
specificity:0.9985008360721905
F1:0.5644338660319619
*********  Type:F  *************
TP:13
FP:26
TN:17317
FN:708
Accuracy:0.9593666961913198
Precision/ppv:0.3333333333333333
sensitivity/Recall:0.018030513176144243
specificity:0.9985008360721905
F1:0.034210526315789476
*********  Type:Q  *************
TP:7
FP:26
TN:17317
FN:6
Accuracy:0.9981562572021203
Precision/ppv:0.21212121212121213
sensitivity/Recall:0.5384615384615384
specificity:0.9985008360721905
F1:0.30434782608695654
#############################
########  Result  ###########
ap:0.9129172412922046
auc:0.9455065037981174
best th:0.006247008219361305 --> best f1:0.8193862975914888
