#################################
########  Folder 0  ############
Namespace(batchsize=64, beta1=0.5, dataroot='../../../dataset', dataset='ecg', device='gpu', folder=0, gpu_ids='0', isize=320, istest=True, lr=0.0001, model='beatgan', n_aug=0, name='beatgan/ecg', nc=1, ndf=32, ngf=32, ngpu=1, niter=100, nz=50, outf='./output', print_freq=100, threshold=0.169, w_adv=1, workers=1)
train data size:(62436, 1, 320)
val data size:(8025, 1, 320)
test N data size:(17343, 1, 320)
test S data size:(2723, 1, 320)
test V data size:(6307, 1, 320)
test F data size:(721, 1, 320)
test Q data size:(13, 1, 320)
load data success!!!
/data/haenim/lab/signal/experiments/ecg/network.py:26: UserWarning: nn.init.xavier_uniform is now deprecated in favor of nn.init.xavier_uniform_.
  torch.nn.init.xavier_uniform(mod.weight)
################  Eval  ##################
############   Analysis   #############
############   Threshold:0.169   #############
*********  Type:S  *************
TP:170
FP:26
TN:17317
FN:2553
Accuracy:0.871474135353334
Precision/ppv:0.8673469387755102
sensitivity/Recall:0.06243114212265883
specificity:0.9985008360721905
F1:0.11647824597464886
*********  Type:V  *************
TP:2699
FP:26
TN:17317
FN:3608
Accuracy:0.8463424947145878
Precision/ppv:0.9904587155963303
sensitivity/Recall:0.4279372126208974
specificity:0.9985008360721905
F1:0.5976527900797166
*********  Type:F  *************
TP:11
FP:26
TN:17317
FN:710
Accuracy:0.9592559787422498
Precision/ppv:0.2972972972972973
sensitivity/Recall:0.015256588072122053
specificity:0.9985008360721905
F1:0.029023746701846966
*********  Type:Q  *************
TP:8
FP:26
TN:17317
FN:5
Accuracy:0.9982138741645541
Precision/ppv:0.23529411764705882
sensitivity/Recall:0.6153846153846154
specificity:0.9985008360721905
F1:0.3404255319148936
#############################
########  Result  ###########
ap:0.9022344530482065
auc:0.936122993330485
best th:0.006827042903751135 --> best f1:0.7987630604882162
