#################################
########  Folder 0  ############
Namespace(batchsize=64, beta1=0.5, dataroot='../../../dataset', dataset='ecg', device='gpu', folder=0, gpu_ids=[0], isize=320, istest=True, lr=0.0001, model='beatgan', n_aug=0, name='beatgan/ecg', nc=1, ndf=32, ngf=32, ngpu=1, niter=100, nz=50, outf='./output', print_freq=100, threshold=0.169, w_adv=1, workers=1)
train data size:(62436, 1, 320)
val data size:(8025, 1, 320)
test N data size:(17343, 1, 320)
test S data size:(2723, 1, 320)
test V data size:(6307, 1, 320)
test F data size:(721, 1, 320)
test Q data size:(13, 1, 320)
load data success!!!
################  Eval  ##################
############   Analysis   #############
############   Threshold:0.169   #############
*********  Type:S  *************
TP:164
FP:23
TN:17320
FN:2559
Accuracy:0.8713246287252068
Precision/ppv:0.8770053475935828
sensitivity/Recall:0.060227690047741464
specificity:0.9986738165253993
F1:0.11271477663230241
*********  Type:V  *************
TP:2826
FP:23
TN:17320
FN:3481
Accuracy:0.8518393234672305
Precision/ppv:0.991926991926992
sensitivity/Recall:0.44807356905026163
specificity:0.9986738165253993
F1:0.617300131061599
*********  Type:F  *************
TP:13
FP:23
TN:17320
FN:708
Accuracy:0.9595327723649247
Precision/ppv:0.3611111111111111
sensitivity/Recall:0.018030513176144243
specificity:0.9986738165253993
F1:0.034346103038309116
*********  Type:Q  *************
TP:8
FP:23
TN:17320
FN:5
Accuracy:0.9983867250518552
Precision/ppv:0.25806451612903225
sensitivity/Recall:0.6153846153846154
specificity:0.9986738165253993
F1:0.36363636363636365
#############################
########  Result  ###########
ap:0.9086513244401324
auc:0.9404310050230472
best th:0.005987552925944328 --> best f1:0.8100588038437635
