#################################
########  Folder 0  ############
Namespace(batchsize=32, beta1=0.5, dataroot='../../../dataset', dataset='ecg', device='gpu', folder=0, gpu_ids='0', isize=320, istest=True, lr=0.0001, model='beatgan', n_aug=0, name='beatgan/ecg', nc=1, ndf=32, ngf=32, ngpu=1, niter=100, nz=50, outf='./output', print_freq=100, threshold=0.169, w_adv=1, workers=1)
train data size:(62436, 1, 320)
val data size:(8025, 1, 320)
test N data size:(17343, 1, 320)
test S data size:(2723, 1, 320)
test V data size:(6307, 1, 320)
test F data size:(721, 1, 320)
test Q data size:(13, 1, 320)
load data success!!!
/data/haenim/lab/signal_bs32/experiments/ecg/network.py:26: UserWarning: nn.init.xavier_uniform is now deprecated in favor of nn.init.xavier_uniform_.
  torch.nn.init.xavier_uniform(mod.weight)
################  Eval  ##################
############   Analysis   #############
############   Threshold:0.169   #############
*********  Type:S  *************
TP:147
FP:28
TN:17315
FN:2576
Accuracy:0.8702282467856075
Precision/ppv:0.84
sensitivity/Recall:0.05398457583547558
specificity:0.9983855157700513
F1:0.10144927536231885
*********  Type:V  *************
TP:2595
FP:28
TN:17315
FN:3712
Accuracy:0.8418604651162791
Precision/ppv:0.9893252001524971
sensitivity/Recall:0.41144759790708735
specificity:0.9983855157700513
F1:0.5811870100783875
*********  Type:F  *************
TP:10
FP:28
TN:17315
FN:711
Accuracy:0.9590899025686448
Precision/ppv:0.2631578947368421
sensitivity/Recall:0.013869625520110958
specificity:0.9983855157700513
F1:0.026350461133069828
*********  Type:Q  *************
TP:8
FP:28
TN:17315
FN:5
Accuracy:0.9980986402396865
Precision/ppv:0.2222222222222222
sensitivity/Recall:0.6153846153846154
specificity:0.9983855157700513
F1:0.32653061224489793
#############################
########  Result  ###########
ap:0.9129331224108872
auc:0.9449347742276746
best th:0.007088072132319212 --> best f1:0.8231126430178562
